HMM parameters

#States: 0, 1, 2, 3, 4

#Alphabet: 0.0, 0.1, 0.2, 0.3, 0.4, 0.5, 0.6, 0.7, 0.8, 0.9, 1.0, 1.1, 1.2, 1.3, 1.4, 1.5, 1.6, 1.7, 1.8, 1.9, 2.0, 2.1, 2.2, 2.3, 2.4, 2.5, 2.6, 2.7, 2.8, 2.9, 3.0, 3.1, 3.2, 3.3, 3.4, 3.5, 3.6, 3.7, 3.8, 3.9, 4.0, 4.1, 4.2, 4.3, 4.4, 4.5, 4.6, 4.7, 4.8, 4.9, 5.0

#Initial: 0.2, 0.2, 0.2, 0.2, 0.2

#Transition matrix:
S\S	0	1	2	3	4
0	0.999	0.00025	0.00025	0.00025	0.00025
1	0.00025	0.999	0.00025	0.00025	0.00025
2	0.00025	0.00025	0.999	0.00025	0.00025
3	0.00025	0.00025	0.00025	0.999	0.00025
4	0.00025	0.00025	0.00025	0.00025	0.999

#Emission matrix:
S\A	0.0	0.1	0.2	0.3	0.4	0.5	0.6	0.7	0.8	0.9	1.0	1.1	1.2	1.3	1.4	1.5	1.6	1.7	1.8	1.9	2.0	2.1	2.2	2.3	2.4	2.5	2.6	2.7	2.8	2.9	3.0	3.1	3.2	3.3	3.4	3.5	3.6	3.7	3.8	3.9	4.0	4.1	4.2	4.3	4.4	4.5	4.6	4.7	4.8	4.9	5.0
0	0.466293	0.530203	0.000070	0.000140	0.000070	0.000070	0.000070	0.000070	0.000070	0.000070	0.000070	0.000070	0.000070	0.000070	0.000070	0.000070	0.000070	0.000070	0.000070	0.000070	0.000070	0.000070	0.000070	0.000070	0.000070	0.000070	0.000070	0.000070	0.000070	0.000070	0.000070	0.000070	0.000070	0.000070	0.000070	0.000070	0.000070	0.000070	0.000070	0.000070	0.000070	0.000070	0.000070	0.000070	0.000070	0.000070	0.000070	0.000070	0.000070	0.000070	0.000070
1	0.000140	0.000210	0.000420	0.000420	0.001472	0.006447	0.008970	0.010301	0.029292	0.117449	0.291871	0.311423	0.146531	0.052558	0.013805	0.003854	0.001472	0.000491	0.000420	0.000210	0.000070	0.000070	0.000070	0.000070	0.000070	0.000070	0.000070	0.000070	0.000070	0.000070	0.000070	0.000070	0.000070	0.000070	0.000070	0.000070	0.000070	0.000140	0.000070	0.000070	0.000070	0.000070	0.000070	0.000070	0.000070	0.000070	0.000070	0.000070	0.000070	0.000070	0.000070
2	0.000140	0.000070	0.000210	0.000070	0.000350	0.000210	0.000140	0.000350	0.000771	0.001542	0.003504	0.004485	0.004905	0.004415	0.005816	0.008619	0.018150	0.037281	0.073931	0.126699	0.176034	0.176174	0.143238	0.093693	0.053609	0.030484	0.015978	0.009320	0.002943	0.002242	0.001121	0.000911	0.000561	0.000210	0.000280	0.000210	0.000140	0.000210	0.000070	0.000070	0.000070	0.000070	0.000070	0.000070	0.000070	0.000070	0.000070	0.000070	0.000070	0.000070	0.000140
3	0.000140	0.000070	0.000070	0.000140	0.000140	0.000140	0.000140	0.000280	0.000140	0.000140	0.000140	0.000350	0.000631	0.000701	0.001752	0.002032	0.002943	0.003013	0.003224	0.003504	0.003153	0.004064	0.005046	0.007358	0.013385	0.019692	0.035809	0.054730	0.079537	0.104695	0.121233	0.119341	0.114085	0.089909	0.068816	0.046391	0.031465	0.020322	0.014786	0.009390	0.006727	0.003153	0.001892	0.001472	0.001051	0.000420	0.000771	0.000420	0.000350	0.000140	0.000701
4	0.000140	0.000070	0.000070	0.000070	0.000140	0.000140	0.000070	0.000140	0.000140	0.000210	0.000140	0.000210	0.000070	0.000140	0.000210	0.000210	0.000561	0.000491	0.000631	0.001542	0.001612	0.002593	0.001962	0.002313	0.002313	0.003224	0.001892	0.002733	0.003153	0.003644	0.004625	0.006517	0.010021	0.013735	0.022425	0.030203	0.044078	0.057533	0.070217	0.086755	0.092151	0.091591	0.088648	0.080448	0.064191	0.054029	0.039033	0.030694	0.022915	0.016258	0.043097
